    0         -0.70325736          0.00000000          0.00000000          0.00000000          0.00000000          0.00000000 1  MD step #, total_classical_E, I/II_vdw, Ea, Eb, dft_elec, dft_vdw, qforce_flag
    2    0     # of qmmm atoms, # of link atoms in Region I
O     7.782000000   -0.680000000  -55.039000000   -1.250000000    0.000000000
H     7.378000000   -0.675000000  -55.949000000    0.250000000    0.000000000
    0         0     # of total frozen protein atoms, # of groups in Region I`
    0               # of frozen water atoms in Region I`
    0               # of non-frozen protein atoms in Region II
    0               # of non-frozen water atoms in the system
  200               # of vdw types, vdw parameter A,B
    0.000000000    0.000000000
    0.000000000    0.000000000
    0.000000000    0.000000000
    0.000000000    0.000000000
    0.000000000    0.000000000
    0.000000000    0.000000000
    0.000000000    0.000000000
    0.000000000    0.000000000
    0.000000000    0.000000000
    4.000000000    0.000000000
    4.000000000    0.000000000
   57.094000000    3.783000000
   86.694000000    4.661000000
    0.374000000    0.306000000
 1956.000000000   32.000000000
    0.420000000    0.575000000
    4.000000000    0.000000000
    4.000000000    0.000000000
    0.000000000    0.000000000
 1956.000000000   32.000000000
 1956.000000000   32.000000000
 1956.000000000   32.000000000
 1956.000000000   32.000000000
 1021.213000000   25.993000000
  905.523000000   23.046000000
  905.523000000   23.046000000
  905.523000000   23.046000000
  905.523000000   23.046000000
  905.523000000   23.046000000
 1425.000000000   42.000000000
 1425.000000000   42.000000000
  600.000000000   25.000000000
 1425.000000000   42.000000000
  971.748000000   28.308000000
  971.748000000   28.308000000
  971.748000000   28.308000000
  971.748000000   28.308000000
  971.748000000   28.308000000
 1425.000000000   42.000000000
  793.000000000   25.000000000
  793.000000000   25.000000000
  601.164000000   22.265000000
 1379.784000000   35.561000000
  793.000000000   25.000000000
  861.440000000   26.040000000
 2066.000000000   42.000000000
  793.000000000   25.000000000
  861.440000000   26.040000000
    0.000000000    0.000000000
 2454.770000000   46.857000000
 1831.800000000   40.500000000
  120.000000000    4.000000000
  345.000000000   15.000000000
   75.660000000    6.080000000
    0.000000000    0.000000000
    0.000000000    0.000000000
    0.000000000    0.000000000
    0.000000000    0.000000000
 3885.920000000   66.300000000
11000.000000000    2.501000000
    0.000000000    0.000000000
    0.000000000    0.000000000
    0.000000000    0.000000000
    0.000000000    0.000000000
    0.000000000    0.000000000
    0.000000000    0.000000000
    0.000000000    0.000000000
    0.000000000    0.000000000
    0.000000000    0.000000000
    0.000000000    0.000000000
    0.000000000    0.000000000
    0.000000000    0.000000000
  100.000000000   41.000000000
15000.000000000    2.501000000
   80.000000000   30.000000000
 1831.800000000   40.500000000
    4.000000000    0.000000000
  905.523000000   23.046000000
    4.000000000    0.000000000
  920.000000000    8.000000000
  300.000000000   15.000000000
 1831.800000000   40.500000000
 1425.500000000   42.000000000
    0.000000000    0.000000000
    0.000000000    0.000000000
 1831.800000000   40.500000000
 1956.000000000   32.000000000
 1956.000000000   32.000000000
 1956.000000000   32.000000000
 1956.000000000   32.000000000
 1956.000000000   32.000000000
 1956.000000000   32.000000000
 1956.000000000   32.000000000
 1956.000000000   32.000000000
 1956.000000000   32.000000000
 1956.000000000   32.000000000
 1956.000000000   32.000000000
 1956.000000000   32.000000000
 1956.000000000   32.000000000
 1956.000000000   32.000000000
 1956.000000000   32.000000000
 1956.000000000   32.000000000
 1956.000000000   32.000000000
 1956.000000000   32.000000000
   41.000000000   41.000000000
    0.050000000    0.000000000
   50.000000000   41.000000000
    0.050000000    0.000000000
    0.050000000    0.000000000
   46.000000000   41.000000000
    0.050000000    0.000000000
    0.050000000    0.000000000
   70.000000000   41.000000000
    0.050000000    0.000000000
    0.050000000    0.000000000
    0.050000000    0.000000000
 1831.800000000   40.500000000
    0.000000000    0.000000000
    0.420000000    0.575000000
    0.420000000    0.575000000
  900.000000000   25.000000000
   17.300000000    1.200000000
 1206.000000000   20.000000000
 2250.000000000   30.000000000
11000.000000000    2.501000000
16000.000000000    2.501000000
  200.000000000    1.000000000
    0.000000000    0.000000000
    0.000000000    0.000000000
    0.000000000    0.000000000
    0.000000000    0.000000000
    0.000000000    0.000000000
    0.000000000    0.000000000
    0.000000000    0.000000000
    0.000000000    0.000000000
    0.000000000    0.000000000
    0.000000000    0.000000000
    0.000000000    0.000000000
    0.000000000    0.000000000
    0.000000000    0.000000000
    0.000000000    0.000000000
    0.000000000    0.000000000
    0.000000000    0.000000000
    0.000000000    0.000000000
    0.000000000    0.000000000
    0.000000000    0.000000000
    0.000000000    0.000000000
    0.000000000    0.000000000
    0.000000000    0.000000000
    0.000000000    0.000000000
    0.000000000    0.000000000
    0.000000000    0.000000000
    0.000000000    0.000000000
    0.000000000    0.000000000
    0.000000000    0.000000000
    0.000000000    0.000000000
    0.000000000    0.000000000
    0.000000000    0.000000000
    0.000000000    0.000000000
    0.000000000    0.000000000
    0.000000000    0.000000000
    0.000000000    0.000000000
    0.000000000    0.000000000
    0.000000000    0.000000000
    0.000000000    0.000000000
    0.000000000    0.000000000
    0.000000000    0.000000000
    0.000000000    0.000000000
    0.000000000    0.000000000
    0.000000000    0.000000000
    0.000000000    0.000000000
    0.000000000    0.000000000
    0.000000000    0.000000000
    0.000000000    0.000000000
    0.000000000    0.000000000
    0.000000000    0.000000000
    0.000000000    0.000000000
    0.000000000    0.000000000
    0.000000000    0.000000000
    0.000000000    0.000000000
    0.000000000    0.000000000
    0.000000000    0.000000000
    0.000000000    0.000000000
    0.000000000    0.000000000
    0.000000000    0.000000000
    0.000000000    0.000000000
    0.000000000    0.000000000
    0.000000000    0.000000000
    0.000000000    0.000000000
    0.000000000    0.000000000
    0.000000000    0.000000000
    0.000000000    0.000000000
    0.000000000    0.000000000
    0.000000000    0.000000000
    0.000000000    0.000000000
    0.000000000    0.000000000
    0.000000000    0.000000000
    0.000000000    0.000000000
    0.000000000    0.000000000
    0.000000000    0.000000000
